1.0000E+00 2.4370E-40 6.0455E-31
1.0093E+00 2.3488E-40 5.2216E-31
1.0186E+00 2.2638E-40 4.5100E-31
1.0280E+00 2.1818E-40 3.8955E-31
1.0376E+00 2.1029E-40 3.3648E-31
1.0472E+00 2.0267E-40 2.9065E-31
1.0569E+00 1.9534E-40 2.5107E-31
1.0667E+00 1.8827E-40 2.1688E-31
1.0765E+00 1.8145E-40 1.8735E-31
1.0865E+00 1.7488E-40 1.6185E-31
1.0966E+00 1.6855E-40 1.3982E-31
1.1067E+00 1.6245E-40 1.2079E-31
1.1170E+00 1.5657E-40 1.0436E-31
1.1273E+00 1.5090E-40 9.0161E-32
1.1378E+00 1.4544E-40 7.7897E-32
1.1483E+00 1.4018E-40 6.7304E-32
1.1589E+00 1.3510E-40 5.8153E-32
1.1697E+00 1.3021E-40 5.0248E-32
1.1805E+00 1.2550E-40 4.3418E-32
1.1915E+00 1.2095E-40 3.7518E-32
1.2025E+00 1.1658E-40 3.2421E-32
1.2136E+00 1.1236E-40 2.8017E-32
1.2249E+00 1.0829E-40 2.4212E-32
1.2362E+00 1.0437E-40 2.0924E-32
1.2477E+00 1.0059E-40 1.8084E-32
1.2592E+00 9.6951E-41 1.5629E-32
1.2709E+00 9.3441E-41 1.3509E-32
1.2826E+00 9.0059E-41 1.1676E-32
1.2945E+00 8.6799E-41 1.0092E-32
1.3065E+00 8.3658E-41 8.7238E-33
1.3186E+00 8.0629E-41 7.5411E-33
1.3308E+00 7.7711E-41 6.5190E-33
1.3432E+00 7.4898E-41 5.6356E-33
1.3556E+00 7.2187E-41 4.8722E-33
1.3682E+00 6.9574E-41 4.2123E-33
1.3808E+00 6.7056E-41 3.6420E-33
1.3936E+00 6.4629E-41 3.1490E-33
1.4065E+00 6.2290E-41 2.7228E-33
1.4196E+00 6.0035E-41 2.3545E-33
1.4327E+00 5.7862E-41 2.0360E-33
1.4460E+00 5.5768E-41 1.7607E-33
1.4594E+00 5.3750E-41 1.5227E-33
1.4729E+00 5.1804E-41 1.3169E-33
1.4865E+00 4.9929E-41 1.1390E-33
1.5003E+00 4.8122E-41 9.8519E-34
1.5142E+00 4.6381E-41 8.5218E-34
1.5282E+00 4.4702E-41 7.3716E-34
1.5424E+00 4.3084E-41 6.3770E-34
1.5567E+00 4.1525E-41 5.5169E-34
1.5711E+00 4.0022E-41 4.7730E-34
1.5856E+00 3.8574E-41 4.1296E-34
1.6003E+00 3.7178E-41 3.5732E-34
1.6151E+00 3.5832E-41 3.0919E-34
1.6301E+00 3.4535E-41 2.6756E-34
1.6452E+00 3.3286E-41 2.3155E-34
1.6604E+00 3.2081E-41 2.0039E-34
1.6758E+00 3.0920E-41 1.7344E-34
1.6913E+00 2.9801E-41 1.5012E-34
1.7070E+00 2.8723E-41 1.2995E-34
1.7228E+00 2.7683E-41 1.1249E-34
1.7388E+00 2.6681E-41 9.7387E-35
1.7549E+00 2.5716E-41 8.4316E-35
1.7711E+00 2.4785E-41 7.3005E-35
1.7875E+00 2.3888E-41 6.3217E-35
1.8041E+00 2.3024E-41 5.4747E-35
1.8208E+00 2.2191E-41 4.7421E-35
1.8377E+00 2.1388E-41 4.1091E-35
1.8547E+00 2.0614E-41 3.5671E-35
1.8719E+00 1.9868E-41 3.2262E-35
1.8892E+00 1.9149E-41 2.7220E-35
1.9067E+00 1.8456E-41 2.3188E-35
1.9244E+00 1.7788E-41 2.0051E-35
1.9422E+00 1.7145E-41 1.7363E-35
1.9602E+00 1.6524E-41 1.5041E-35
1.9783E+00 1.5926E-41 1.3032E-35
1.9966E+00 1.5350E-41 1.1293E-35
2.0151E+00 1.4795E-41 9.7875E-36
2.0338E+00 1.4259E-41 8.4832E-36
2.0526E+00 1.3744E-41 7.3535E-36
2.0716E+00 1.3246E-41 6.3748E-36
2.0908E+00 1.2767E-41 5.5268E-36
2.1102E+00 1.2305E-41 4.7921E-36
2.1297E+00 1.1860E-41 4.1554E-36
2.1495E+00 1.1431E-41 3.6036E-36
2.1694E+00 1.1017E-41 3.1254E-36
2.1895E+00 1.0619E-41 2.7108E-36
2.2098E+00 1.0235E-41 2.3515E-36
2.2302E+00 9.8643E-42 2.0400E-36
2.2509E+00 9.5075E-42 1.7700E-36
2.2717E+00 9.1636E-42 1.5358E-36
2.2928E+00 8.8321E-42 1.3327E-36
2.3140E+00 8.5126E-42 1.1566E-36
2.3354E+00 8.2047E-42 1.0039E-36
2.3571E+00 7.9079E-42 8.7142E-37
2.3789E+00 7.6218E-42 7.5650E-37
2.4009E+00 7.3461E-42 6.5681E-37
2.4232E+00 7.0804E-42 5.7031E-37
2.4456E+00 6.8243E-42 4.9525E-37
2.4683E+00 6.5775E-42 4.3012E-37
2.4911E+00 6.3396E-42 3.7360E-37
2.5142E+00 6.1103E-42 3.2453E-37
2.5375E+00 5.8893E-42 2.8194E-37
2.5610E+00 5.6763E-42 2.4497E-37
2.5847E+00 5.4710E-42 2.1287E-37
2.6087E+00 5.2732E-42 1.8500E-37
2.6328E+00 5.0825E-42 1.6079E-37
2.6572E+00 4.8987E-42 1.3977E-37
2.6818E+00 4.7215E-42 1.2151E-37
2.7067E+00 4.5508E-42 1.0565E-37
2.7317E+00 4.3862E-42 9.1869E-38
2.7570E+00 4.2276E-42 7.9896E-38
2.7826E+00 4.0747E-42 6.9492E-38
2.8083E+00 3.9274E-42 6.0450E-38
2.8343E+00 3.7854E-42 5.2591E-38
2.8606E+00 3.6485E-42 4.5759E-38
2.8871E+00 3.5166E-42 3.9820E-38
2.9138E+00 3.3895E-42 3.4656E-38
2.9408E+00 3.2669E-42 3.0166E-38
2.9681E+00 3.1488E-42 2.6261E-38
2.9955E+00 3.0350E-42 2.2864E-38
3.0233E+00 2.9253E-42 1.9910E-38
3.0513E+00 2.8195E-42 1.7339E-38
3.0796E+00 2.7176E-42 1.5103E-38
3.1081E+00 2.6194E-42 1.3157E-38
3.1369E+00 2.5247E-42 1.1463E-38
3.1659E+00 2.4334E-42 9.9883E-39
3.1952E+00 2.3455E-42 8.7048E-39
3.2248E+00 2.2607E-42 7.5873E-39
3.2547E+00 2.1790E-42 6.6143E-39
3.2849E+00 2.1002E-42 5.7669E-39
3.3153E+00 2.0243E-42 5.0288E-39
3.3460E+00 1.9512E-42 4.3859E-39
3.3770E+00 1.8807E-42 3.8257E-39
3.4083E+00 1.8127E-42 3.3376E-39
3.4398E+00 1.7472E-42 2.9123E-39
3.4717E+00 1.6841E-42 2.5415E-39
3.5038E+00 1.6232E-42 2.2184E-39
3.5363E+00 1.5646E-42 1.9366E-39
3.5690E+00 1.5081E-42 1.6909E-39
3.6021E+00 1.4536E-42 1.4767E-39
3.6355E+00 1.4011E-42 1.2898E-39
3.6691E+00 1.3504E-42 1.1268E-39
3.7031E+00 1.3017E-42 9.8454E-40
3.7374E+00 1.2546E-42 8.6042E-40
3.7720E+00 1.2093E-42 7.5210E-40
3.8070E+00 1.1657E-42 6.5755E-40
3.8422E+00 1.1236E-42 5.7501E-40
3.8778E+00 1.0830E-42 5.0293E-40
3.9137E+00 1.0439E-42 4.3999E-40
3.9500E+00 1.0062E-42 3.8501E-40
3.9866E+00 9.6984E-43 3.3698E-40
4.0235E+00 9.3482E-43 2.9502E-40
4.0608E+00 9.0106E-43 2.5834E-40
4.0984E+00 8.6853E-43 2.2629E-40
4.1363E+00 8.3718E-43 1.9826E-40
4.1747E+00 8.0695E-43 1.7376E-40
4.2133E+00 7.7782E-43 1.5233E-40
4.2523E+00 7.4975E-43 1.3358E-40
4.2917E+00 7.2268E-43 1.1718E-40
4.3315E+00 6.9660E-43 1.0283E-40
4.3716E+00 6.7146E-43 9.0268E-41
4.4121E+00 6.4723E-43 7.9270E-41
4.4530E+00 6.2387E-43 6.9640E-41
4.4942E+00 6.0136E-43 6.1205E-41
4.5358E+00 5.7966E-43 5.3815E-41
4.5778E+00 5.5875E-43 4.7340E-41
4.6202E+00 5.3859E-43 4.1663E-41
4.6630E+00 5.1916E-43 3.6687E-41
4.7062E+00 5.0043E-43 3.2322E-41
4.7498E+00 4.8238E-43 2.8493E-41
4.7938E+00 4.6498E-43 2.5133E-41
4.8382E+00 4.4821E-43 2.2183E-41
4.8830E+00 4.3205E-43 1.9593E-41
4.9282E+00 4.1647E-43 1.7317E-41
4.9739E+00 4.0145E-43 1.5318E-41
5.0200E+00 3.8698E-43 1.3560E-41
5.0665E+00 3.7303E-43 1.2014E-41
5.1134E+00 3.5958E-43 1.0654E-41
5.1607E+00 3.4662E-43 9.4563E-42
5.2085E+00 3.3413E-43 8.4018E-42
5.2568E+00 3.2209E-43 7.4727E-42
5.3055E+00 3.1048E-43 6.6537E-42
5.3546E+00 2.9929E-43 5.9312E-42
5.4042E+00 2.8851E-43 5.2935E-42
5.4543E+00 2.7811E-43 4.7304E-42
5.5048E+00 2.6809E-43 4.2327E-42
5.5558E+00 2.5844E-43 3.7926E-42
5.6072E+00 2.4913E-43 3.4031E-42
5.6592E+00 2.4016E-43 3.0581E-42
5.7116E+00 2.3151E-43 2.7523E-42
5.7645E+00 2.2317E-43 2.4810E-42
5.8179E+00 2.1514E-43 2.2402E-42
5.8718E+00 2.0739E-43 2.0260E-42
5.9262E+00 1.9993E-43 1.8355E-42
5.9810E+00 1.9273E-43 1.6659E-42
6.0364E+00 1.8580E-43 1.5146E-42
6.0923E+00 1.7911E-43 1.3796E-42
6.1488E+00 1.7267E-43 1.2589E-42
6.2057E+00 1.6646E-43 1.1509E-42
6.2632E+00 1.6047E-43 1.0541E-42
6.3212E+00 1.5470E-43 9.6725E-43
6.3798E+00 1.4913E-43 8.8923E-43
6.4389E+00 1.4377E-43 8.1903E-43
6.4985E+00 1.3860E-43 7.5576E-43
6.5587E+00 1.3362E-43 6.9866E-43
6.6194E+00 1.2882E-43 6.4704E-43
6.6807E+00 1.2419E-43 6.0030E-43
6.7426E+00 1.1972E-43 5.5791E-43
6.8051E+00 1.1542E-43 5.1940E-43
6.8681E+00 1.1128E-43 4.8435E-43
6.9317E+00 1.0728E-43 4.5240E-43
6.9959E+00 1.0343E-43 4.2323E-43
7.0607E+00 9.9712E-44 3.9655E-43
7.1261E+00 9.6132E-44 3.7209E-43
7.1921E+00 9.2681E-44 3.4965E-43
7.2587E+00 8.9355E-44 3.2901E-43
7.3260E+00 8.6148E-44 3.1001E-43
7.3938E+00 8.3057E-44 2.9248E-43
7.4623E+00 8.0077E-44 2.7628E-43
7.5314E+00 7.7205E-44 2.6128E-43
7.6012E+00 7.4436E-44 2.4739E-43
7.6716E+00 7.1767E-44 2.3449E-43
7.7426E+00 6.9195E-44 2.2250E-43
7.8144E+00 6.6714E-44 2.1135E-43
7.8867E+00 6.4324E-44 2.0095E-43
7.9598E+00 6.2019E-44 1.9125E-43
8.0335E+00 5.9797E-44 1.8219E-43
8.1079E+00 5.7655E-44 1.7372E-43
8.1830E+00 5.5591E-44 1.6579E-43
8.2588E+00 5.3600E-44 1.5837E-43
8.3353E+00 5.1682E-44 1.5141E-43
8.4125E+00 4.9832E-44 1.4489E-43
8.4904E+00 4.8049E-44 1.3878E-43
8.5691E+00 4.6330E-44 1.3305E-43
8.6484E+00 4.4673E-44 1.2767E-43
8.7285E+00 4.3076E-44 1.2263E-43
8.8094E+00 4.1536E-44 1.1791E-43
8.8910E+00 4.0052E-44 1.1349E-43
8.9733E+00 3.8620E-44 1.0936E-43
9.0564E+00 3.7241E-44 1.0551E-43
9.1403E+00 3.5911E-44 1.0193E-43
9.2250E+00 3.4628E-44 9.8604E-44
9.3104E+00 3.3392E-44 9.5536E-44
9.3966E+00 3.2201E-44 9.2722E-44
9.4837E+00 3.1052E-44 9.0160E-44
9.5715E+00 2.9944E-44 8.7854E-44
9.6602E+00 2.8876E-44 8.5809E-44
9.7496E+00 2.7847E-44 8.4037E-44
9.8400E+00 2.6854E-44 8.2550E-44
9.9311E+00 2.5898E-44 8.1371E-44
1.0023E+01 2.4975E-44 8.0528E-44
1.0116E+01 2.4086E-44 8.0059E-44
1.0210E+01 2.3228E-44 8.0014E-44
1.0304E+01 2.2402E-44 8.0462E-44
1.0400E+01 2.1605E-44 8.1496E-44
1.0496E+01 2.0836E-44 8.3239E-44
1.0593E+01 2.0095E-44 8.5866E-44
1.0691E+01 1.9381E-44 8.9619E-44
1.0790E+01 1.8692E-44 9.4846E-44
1.0890E+01 1.8029E-44 1.0206E-43
1.0991E+01 1.7388E-44 1.1206E-43
1.1093E+01 1.6771E-44 1.2606E-43
1.1196E+01 1.6176E-44 1.4615E-43
1.1299E+01 1.5602E-44 1.7594E-43
1.1404E+01 1.5049E-44 2.2233E-43
1.1510E+01 1.4516E-44 2.9975E-43
1.1616E+01 1.4001E-44 4.4290E-43
1.1724E+01 1.3505E-44 7.5393E-43
1.1832E+01 1.3027E-44 1.6553E-42
1.1942E+01 1.2566E-44 6.7948E-42
1.2053E+01 1.2122E-44 1.6871E-39
1.2164E+01 1.1693E-44 5.1264E-42
1.2277E+01 1.1280E-44 1.3413E-42
1.2391E+01 1.0881E-44 6.0533E-43
1.2505E+01 1.0497E-44 3.4465E-43
1.2621E+01 1.0126E-44 2.2364E-43
1.2738E+01 9.7691E-45 1.5788E-43
1.2856E+01 9.4246E-45 1.1824E-43
1.2975E+01 9.0923E-45 9.2499E-44
1.3095E+01 8.7720E-45 7.4819E-44
1.3217E+01 8.4630E-45 6.2129E-44
1.3339E+01 8.1651E-45 5.2690E-44
1.3463E+01 7.8778E-45 4.5460E-44
1.3587E+01 7.6007E-45 3.9781E-44
1.3713E+01 7.3336E-45 3.5226E-44
1.3840E+01 7.0759E-45 3.1504E-44
1.3968E+01 6.8275E-45 2.8413E-44
1.4098E+01 6.5878E-45 2.5810E-44
1.4228E+01 6.3568E-45 2.3591E-44
1.4360E+01 6.1339E-45 2.1677E-44
1.4493E+01 5.9190E-45 2.0011E-44
1.4627E+01 5.7117E-45 1.8547E-44
1.4763E+01 5.5118E-45 1.7252E-44
1.4900E+01 5.3190E-45 1.6096E-44
1.5038E+01 5.1331E-45 1.5059E-44
1.5177E+01 4.9538E-45 1.4123E-44
1.5317E+01 4.7808E-45 1.3274E-44
1.5459E+01 4.6140E-45 1.2501E-44
1.5602E+01 4.4531E-45 1.1792E-44
1.5747E+01 4.2979E-45 1.1142E-44
1.5893E+01 4.1482E-45 1.0542E-44
1.6040E+01 4.0038E-45 9.9866E-45
1.6189E+01 3.8646E-45 9.4719E-45
1.6339E+01 3.7303E-45 8.9932E-45
1.6490E+01 3.6007E-45 8.5470E-45
1.6643E+01 3.4757E-45 8.1302E-45
1.6797E+01 3.3552E-45 7.7401E-45
1.6952E+01 3.2389E-45 7.3743E-45
1.7109E+01 3.1267E-45 7.0308E-45
1.7268E+01 3.0185E-45 6.7076E-45
1.7428E+01 2.9141E-45 6.4032E-45
1.7589E+01 2.8134E-45 6.1162E-45
1.7752E+01 2.7163E-45 5.8451E-45
1.7917E+01 2.6226E-45 5.5889E-45
1.8082E+01 2.5322E-45 5.3466E-45
1.8250E+01 2.4450E-45 5.1170E-45
1.8419E+01 2.3608E-45 4.8995E-45
1.8590E+01 2.2796E-45 4.6932E-45
1.8762E+01 2.2013E-45 4.4973E-45
1.8936E+01 2.1257E-45 4.3113E-45
1.9111E+01 2.0528E-45 4.1346E-45
1.9288E+01 1.9825E-45 3.9665E-45
1.9467E+01 1.9146E-45 3.8066E-45
1.9647E+01 1.8491E-45 3.6545E-45
1.9829E+01 1.7859E-45 3.5096E-45
2.0012E+01 1.7249E-45 3.3716E-45
2.0198E+01 1.6661E-45 3.2402E-45
2.0385E+01 1.6093E-45 3.1149E-45
2.0574E+01 1.5545E-45 2.9955E-45
2.0764E+01 1.5017E-45 2.8816E-45
2.0957E+01 1.4506E-45 2.7731E-45
2.1151E+01 1.4014E-45 2.6696E-45
2.1347E+01 1.3539E-45 2.5708E-45
2.1544E+01 1.3080E-45 2.4767E-45
2.1744E+01 1.2638E-45 2.3869E-45
2.1945E+01 1.2211E-45 2.3013E-45
2.2149E+01 1.1798E-45 2.2196E-45
2.2354E+01 1.1400E-45 2.1418E-45
2.2561E+01 1.1016E-45 2.0677E-45
2.2770E+01 1.0646E-45 1.9972E-45
2.2981E+01 1.0288E-45 1.9300E-45
2.3193E+01 9.9426E-46 1.8662E-45
2.3408E+01 9.6092E-46 1.8055E-45
2.3625E+01 9.2874E-46 1.7480E-45
2.3844E+01 8.9767E-46 1.6934E-45
2.4065E+01 8.6768E-46 1.6419E-45
2.4288E+01 8.3873E-46 1.5933E-45
2.4513E+01 8.1078E-46 1.5475E-45
2.4740E+01 7.8379E-46 1.5047E-45
2.4969E+01 7.5774E-46 1.4648E-45
2.5200E+01 7.3259E-46 1.4278E-45
2.5433E+01 7.0830E-46 1.3938E-45
2.5669E+01 6.8485E-46 1.3629E-45
2.5907E+01 6.6221E-46 1.3353E-45
2.6147E+01 6.4034E-46 1.3112E-45
2.6389E+01 6.1923E-46 1.2908E-45
2.6633E+01 5.9884E-46 1.2747E-45
2.6880E+01 5.7916E-46 1.2632E-45
2.7129E+01 5.6014E-46 1.2572E-45
2.7380E+01 5.4178E-46 1.2576E-45
2.7634E+01 5.2405E-46 1.2658E-45
2.7890E+01 5.0692E-46 1.2835E-45
2.8148E+01 4.9038E-46 1.3137E-45
2.8409E+01 4.7440E-46 1.3600E-45
2.8672E+01 4.5897E-46 1.4286E-45
2.8938E+01 4.4406E-46 1.5287E-45
2.9206E+01 4.2966E-46 1.6758E-45
2.9476E+01 4.1575E-46 1.8964E-45
2.9749E+01 4.0231E-46 2.2409E-45
3.0025E+01 3.8933E-46 2.8127E-45
3.0303E+01 3.7678E-46 3.8565E-45
3.0583E+01 3.6467E-46 6.0777E-45
3.0867E+01 3.5296E-46 1.2301E-44
3.1153E+01 3.4165E-46 4.5295E-44
3.1441E+01 3.3072E-46 4.2774E-40
3.1732E+01 3.2015E-46 3.8485E-44
3.2026E+01 3.0995E-46 9.4510E-45
3.2323E+01 3.0009E-46 4.1933E-45
3.2622E+01 2.9055E-46 2.4000E-45
3.2924E+01 2.8134E-46 1.5898E-45
3.3229E+01 2.7244E-46 1.1586E-45
3.3537E+01 2.6384E-46 9.0266E-46
3.3848E+01 2.5552E-46 7.3823E-46
3.4161E+01 2.4748E-46 6.2592E-46
3.4478E+01 2.3971E-46 5.4536E-46
3.4797E+01 2.3220E-46 4.8517E-46
3.5119E+01 2.2494E-46 4.3863E-46
3.5445E+01 2.1792E-46 4.0156E-46
3.5773E+01 2.1114E-46 3.7129E-46
3.6104E+01 2.0458E-46 3.4601E-46
3.6439E+01 1.9823E-46 3.2449E-46
3.6776E+01 1.9210E-46 3.0587E-46
3.7117E+01 1.8617E-46 2.8952E-46
3.7461E+01 1.8043E-46 2.7498E-46
3.7807E+01 1.7489E-46 2.6192E-46
3.8158E+01 1.6953E-46 2.5007E-46
3.8511E+01 1.6434E-46 2.3924E-46
3.8868E+01 1.5932E-46 2.2926E-46
3.9228E+01 1.5447E-46 2.2002E-46
3.9591E+01 1.4978E-46 2.1142E-46
3.9958E+01 1.4524E-46 2.0337E-46
4.0328E+01 1.4085E-46 1.9582E-46
4.0701E+01 1.3661E-46 1.8871E-46
4.1078E+01 1.3250E-46 1.8199E-46
4.1459E+01 1.2852E-46 1.7562E-46
4.1843E+01 1.2468E-46 1.6958E-46
4.2230E+01 1.2096E-46 1.6384E-46
4.2622E+01 1.1736E-46 1.5837E-46
4.3016E+01 1.1387E-46 1.5315E-46
4.3415E+01 1.1050E-46 1.4816E-46
4.3817E+01 1.0724E-46 1.4339E-46
4.4223E+01 1.0409E-46 1.3883E-46
4.4632E+01 1.0103E-46 1.3445E-46
4.5046E+01 9.8077E-47 1.3026E-46
4.5463E+01 9.5216E-47 1.2623E-46
4.5884E+01 9.2446E-47 1.2236E-46
4.6309E+01 8.9766E-47 1.1865E-46
4.6738E+01 8.7171E-47 1.1508E-46
4.7171E+01 8.4660E-47 1.1164E-46
4.7608E+01 8.2228E-47 1.0833E-46
4.8049E+01 7.9875E-47 1.0515E-46
4.8494E+01 7.7596E-47 1.0208E-46
4.8943E+01 7.5389E-47 9.9126E-47
4.9396E+01 7.3253E-47 9.6278E-47
4.9854E+01 7.1184E-47 9.3532E-47
5.0315E+01 6.9181E-47 9.0884E-47
5.0782E+01 6.7242E-47 8.8330E-47
5.1252E+01 6.5363E-47 8.5865E-47
5.1727E+01 6.3544E-47 8.3487E-47
5.2206E+01 6.1783E-47 8.1191E-47
5.2689E+01 6.0076E-47 7.8974E-47
5.3177E+01 5.8424E-47 7.6833E-47
5.3670E+01 5.6823E-47 7.4765E-47
5.4167E+01 5.5273E-47 7.2767E-47
5.4669E+01 5.3771E-47 7.0837E-47
5.5175E+01 5.2316E-47 6.8971E-47
5.5686E+01 5.0906E-47 6.7168E-47
5.6202E+01 4.9541E-47 6.5425E-47
5.6722E+01 4.8218E-47 6.3740E-47
5.7248E+01 4.6936E-47 6.2111E-47
5.7778E+01 4.5695E-47 6.0535E-47
5.8313E+01 4.4491E-47 5.9011E-47
5.8853E+01 4.3325E-47 5.7536E-47
5.9398E+01 4.2196E-47 5.6109E-47
5.9948E+01 4.1101E-47 5.4729E-47
6.0504E+01 4.0040E-47 5.3393E-47
6.1064E+01 3.9012E-47 5.2100E-47
6.1630E+01 3.8016E-47 5.0849E-47
6.2200E+01 3.7050E-47 4.9637E-47
6.2777E+01 3.6114E-47 4.8464E-47
6.3358E+01 3.5207E-47 4.7328E-47
6.3945E+01 3.4328E-47 4.6229E-47
6.4537E+01 3.3476E-47 4.5163E-47
6.5135E+01 3.2650E-47 4.4132E-47
6.5738E+01 3.1849E-47 4.3132E-47
6.6347E+01 3.1073E-47 4.2164E-47
6.6962E+01 3.0321E-47 4.1226E-47
6.7582E+01 2.9592E-47 4.0317E-47
6.8208E+01 2.8885E-47 3.9436E-47
6.8840E+01 2.8199E-47 3.8582E-47
6.9477E+01 2.7535E-47 3.7755E-47
7.0121E+01 2.6890E-47 3.6952E-47
7.0770E+01 2.6266E-47 3.6175E-47
7.1426E+01 2.5660E-47 3.5421E-47
7.2087E+01 2.5073E-47 3.4690E-47
7.2755E+01 2.4504E-47 3.3981E-47
7.3429E+01 2.3952E-47 3.3294E-47
7.4109E+01 2.3417E-47 3.2627E-47
7.4795E+01 2.2898E-47 3.1980E-47
7.5488E+01 2.2394E-47 3.1353E-47
7.6187E+01 2.1907E-47 3.0744E-47
7.6893E+01 2.1433E-47 3.0154E-47
7.7605E+01 2.0975E-47 2.9581E-47
7.8324E+01 2.0530E-47 2.9026E-47
7.9049E+01 2.0098E-47 2.8486E-47
7.9781E+01 1.9680E-47 2.7963E-47
8.0520E+01 1.9275E-47 2.7455E-47
8.1266E+01 1.8881E-47 2.6962E-47
8.2019E+01 1.8500E-47 2.6483E-47
8.2779E+01 1.8130E-47 2.6019E-47
8.3545E+01 1.7771E-47 2.5568E-47
8.4319E+01 1.7424E-47 2.5130E-47
8.5100E+01 1.7086E-47 2.4705E-47
8.5888E+01 1.6759E-47 2.4292E-47
8.6684E+01 1.6442E-47 2.3892E-47
8.7487E+01 1.6135E-47 2.3502E-47
8.8297E+01 1.5837E-47 2.3125E-47
8.9115E+01 1.5547E-47 2.2758E-47
8.9940E+01 1.5267E-47 2.2401E-47
9.0773E+01 1.4995E-47 2.2055E-47
9.1614E+01 1.4732E-47 2.1719E-47
9.2463E+01 1.4476E-47 2.1393E-47
9.3319E+01 1.4228E-47 2.1076E-47
9.4183E+01 1.3988E-47 2.0768E-47
9.5056E+01 1.3755E-47 2.0469E-47
9.5936E+01 1.3529E-47 2.0178E-47
9.6825E+01 1.3311E-47 1.9896E-47
9.7721E+01 1.3098E-47 1.9622E-47
9.8627E+01 1.2893E-47 1.9356E-47
9.9540E+01 1.2693E-47 1.9098E-47
1.0046E+02 1.2500E-47 1.8847E-47
1.0139E+02 1.2313E-47 1.8604E-47
1.0233E+02 1.2131E-47 1.8367E-47
1.0328E+02 1.1955E-47 1.8137E-47
1.0424E+02 1.1785E-47 1.7915E-47
1.0520E+02 1.1620E-47 1.7698E-47
1.0618E+02 1.1460E-47 1.7488E-47
1.0716E+02 1.1305E-47 1.7285E-47
1.0815E+02 1.1154E-47 1.7087E-47
1.0915E+02 1.1009E-47 1.6895E-47
1.1016E+02 1.0868E-47 1.6710E-47
1.1118E+02 1.0731E-47 1.6530E-47
1.1221E+02 1.0599E-47 1.6355E-47
1.1325E+02 1.0471E-47 1.6186E-47
1.1430E+02 1.0347E-47 1.6023E-47
1.1536E+02 1.0227E-47 1.5865E-47
1.1643E+02 1.0111E-47 1.5712E-47
1.1751E+02 9.9990E-48 1.5564E-47
1.1860E+02 9.8903E-48 1.5422E-47
1.1970E+02 9.7852E-48 1.5284E-47
1.2080E+02 9.6835E-48 1.5152E-47
1.2192E+02 9.5851E-48 1.5025E-47
1.2305E+02 9.4900E-48 1.4903E-47
1.2419E+02 9.3981E-48 1.4786E-47
1.2534E+02 9.3093E-48 1.4674E-47
1.2650E+02 9.2234E-48 1.4567E-47
1.2768E+02 9.1405E-48 1.4465E-47
1.2886E+02 9.0605E-48 1.4369E-47
1.3005E+02 8.9832E-48 1.4279E-47
1.3126E+02 8.9086E-48 1.4194E-47
1.3247E+02 8.8367E-48 1.4115E-47
1.3370E+02 8.7673E-48 1.4042E-47
1.3494E+02 8.7004E-48 1.3976E-47
1.3619E+02 8.6359E-48 1.3917E-47
1.3745E+02 8.5738E-48 1.3866E-47
1.3872E+02 8.5140E-48 1.3823E-47
1.4001E+02 8.4565E-48 1.3789E-47
1.4130E+02 8.4012E-48 1.3765E-47
1.4261E+02 8.3480E-48 1.3752E-47
1.4393E+02 8.2969E-48 1.3752E-47
1.4527E+02 8.2479E-48 1.3767E-47
1.4661E+02 8.2008E-48 1.3799E-47
1.4797E+02 8.1557E-48 1.3851E-47
1.4934E+02 8.1125E-48 1.3927E-47
1.5072E+02 8.0712E-48 1.4032E-47
1.5212E+02 8.0317E-48 1.4174E-47
1.5353E+02 7.9940E-48 1.4362E-47
1.5495E+02 7.9580E-48 1.4608E-47
1.5638E+02 7.9237E-48 1.4931E-47
1.5783E+02 7.8911E-48 1.5357E-47
1.5930E+02 7.8601E-48 1.5926E-47
1.6077E+02 7.8307E-48 1.6699E-47
1.6226E+02 7.8029E-48 1.7774E-47
1.6376E+02 7.7766E-48 1.9321E-47
1.6528E+02 7.7518E-48 2.1645E-47
1.6681E+02 7.7286E-48 2.5359E-47
1.6836E+02 7.7067E-48 3.1826E-47
1.6991E+02 7.6863E-48 4.4650E-47
1.7149E+02 7.6673E-48 7.6162E-47
1.7308E+02 7.6496E-48 1.9485E-46
1.7468E+02 7.6334E-48 2.0602E-45
1.7630E+02 7.6184E-48 1.0465E-45
1.7793E+02 7.6048E-48 1.4683E-46
1.7958E+02 7.5924E-48 6.0436E-47
1.8124E+02 7.5813E-48 3.5854E-47
1.8292E+02 7.5715E-48 2.5652E-47
1.8461E+02 7.5629E-48 2.0485E-47
1.8632E+02 7.5555E-48 1.7521E-47
1.8805E+02 7.5494E-48 1.5667E-47
1.8979E+02 7.5444E-48 1.4433E-47
1.9155E+02 7.5406E-48 1.3569E-47
1.9332E+02 7.5379E-48 1.2942E-47
1.9511E+02 7.5364E-48 1.2472E-47
1.9692E+02 7.5361E-48 1.2109E-47
1.9875E+02 7.5369E-48 1.1824E-47
2.0059E+02 7.5387E-48 1.1596E-47
2.0244E+02 7.5417E-48 1.1409E-47
2.0432E+02 7.5458E-48 1.1255E-47
2.0621E+02 7.5510E-48 1.1127E-47
2.0812E+02 7.5573E-48 1.1018E-47
2.1005E+02 7.5646E-48 1.0926E-47
2.1200E+02 7.5730E-48 1.0846E-47
2.1396E+02 7.5825E-48 1.0778E-47
2.1594E+02 7.5931E-48 1.0719E-47
2.1794E+02 7.6047E-48 1.0667E-47
2.1996E+02 7.6173E-48 1.0622E-47
2.2200E+02 7.6310E-48 1.0583E-47
2.2405E+02 7.6458E-48 1.0549E-47
2.2613E+02 7.6616E-48 1.0519E-47
2.2822E+02 7.6784E-48 1.0494E-47
2.3034E+02 7.6963E-48 1.0472E-47
2.3247E+02 7.7152E-48 1.0453E-47
2.3462E+02 7.7352E-48 1.0437E-47
2.3680E+02 7.7562E-48 1.0424E-47
2.3899E+02 7.7783E-48 1.0414E-47
2.4120E+02 7.8014E-48 1.0406E-47
2.4344E+02 7.8256E-48 1.0400E-47
2.4569E+02 7.8509E-48 1.0396E-47
2.4797E+02 7.8772E-48 1.0394E-47
2.5026E+02 7.9045E-48 1.0395E-47
2.5258E+02 7.9330E-48 1.0397E-47
2.5492E+02 7.9625E-48 1.0401E-47
2.5728E+02 7.9931E-48 1.0407E-47
2.5967E+02 8.0247E-48 1.0414E-47
2.6207E+02 8.0575E-48 1.0423E-47
2.6450E+02 8.0914E-48 1.0434E-47
2.6695E+02 8.1264E-48 1.0446E-47
2.6942E+02 8.1625E-48 1.0460E-47
2.7192E+02 8.1997E-48 1.0476E-47
2.7443E+02 8.2381E-48 1.0493E-47
2.7698E+02 8.2776E-48 1.0512E-47
2.7954E+02 8.3183E-48 1.0532E-47
2.8213E+02 8.3601E-48 1.0554E-47
2.8474E+02 8.4031E-48 1.0577E-47
2.8738E+02 8.4473E-48 1.0602E-47
2.9004E+02 8.4928E-48 1.0628E-47
2.9273E+02 8.5394E-48 1.0656E-47
2.9544E+02 8.5873E-48 1.0686E-47
2.9818E+02 8.6364E-48 1.0717E-47
3.0094E+02 8.6867E-48 1.0749E-47
3.0373E+02 8.7384E-48 1.0783E-47
3.0654E+02 8.7913E-48 1.0819E-47
3.0938E+02 8.8455E-48 1.0856E-47
3.1224E+02 8.9011E-48 1.0895E-47
3.1514E+02 8.9580E-48 1.0936E-47
3.1806E+02 9.0163E-48 1.0979E-47
3.2100E+02 9.0759E-48 1.1023E-47
3.2397E+02 9.1369E-48 1.1068E-47
3.2697E+02 9.1993E-48 1.1116E-47
3.3000E+02 9.2632E-48 1.1166E-47
3.3306E+02 9.3285E-48 1.1217E-47
3.3614E+02 9.3953E-48 1.1270E-47
3.3926E+02 9.4636E-48 1.1326E-47
3.4240E+02 9.5334E-48 1.1383E-47
3.4557E+02 9.6047E-48 1.1443E-47
3.4877E+02 9.6776E-48 1.1505E-47
3.5200E+02 9.7521E-48 1.1570E-47
3.5526E+02 9.8282E-48 1.1638E-47
3.5855E+02 9.9059E-48 1.1709E-47
3.6187E+02 9.9853E-48 1.1784E-47
3.6523E+02 1.0066E-47 1.1863E-47
3.6861E+02 1.0149E-47 1.1946E-47
3.7202E+02 1.0234E-47 1.2037E-47
3.7547E+02 1.0320E-47 1.2135E-47
3.7895E+02 1.0408E-47 1.2245E-47
3.8246E+02 1.0498E-47 1.2372E-47
3.8600E+02 1.0590E-47 1.2525E-47
3.8957E+02 1.0683E-47 1.2723E-47
3.9318E+02 1.0779E-47 1.3005E-47
3.9682E+02 1.0876E-47 1.3475E-47
4.0050E+02 1.0976E-47 1.4469E-47
4.0421E+02 1.1077E-47 1.7660E-47
4.0795E+02 1.1181E-47 4.8976E-47
4.1173E+02 1.1287E-47 8.1965E-47
4.1555E+02 1.1394E-47 1.8729E-47
4.1939E+02 1.1504E-47 1.4944E-47
4.2328E+02 1.1616E-47 1.4041E-47
4.2720E+02 1.1731E-47 1.3745E-47
4.3116E+02 1.1847E-47 1.3653E-47
4.3515E+02 1.1966E-47 1.3649E-47
4.3918E+02 1.2087E-47 1.3690E-47
4.4325E+02 1.2211E-47 1.3757E-47
4.4735E+02 1.2337E-47 1.3840E-47
4.5150E+02 1.2466E-47 1.3935E-47
4.5568E+02 1.2597E-47 1.4037E-47
4.5990E+02 1.2730E-47 1.4147E-47
4.6416E+02 1.2866E-47 1.4262E-47
4.6846E+02 1.3005E-47 1.4381E-47
4.7280E+02 1.3147E-47 1.4505E-47
4.7718E+02 1.3291E-47 1.4633E-47
4.8160E+02 1.3438E-47 1.4765E-47
4.8606E+02 1.3588E-47 1.4900E-47
4.9056E+02 1.3741E-47 1.5039E-47
4.9510E+02 1.3896E-47 1.5181E-47
4.9969E+02 1.4055E-47 1.5327E-47
5.0432E+02 1.4217E-47 1.5476E-47
5.0899E+02 1.4382E-47 1.5629E-47
5.1370E+02 1.4550E-47 1.5785E-47
5.1846E+02 1.4721E-47 1.5945E-47
5.2326E+02 1.4896E-47 1.6108E-47
5.2811E+02 1.5074E-47 1.6274E-47
5.3300E+02 1.5255E-47 1.6444E-47
5.3794E+02 1.5440E-47 1.6618E-47
5.4292E+02 1.5628E-47 1.6796E-47
5.4795E+02 1.5820E-47 1.6977E-47
5.5302E+02 1.6015E-47 1.7162E-47
5.5814E+02 1.6214E-47 1.7351E-47
5.6331E+02 1.6417E-47 1.7544E-47
5.6853E+02 1.6624E-47 1.7741E-47
5.7380E+02 1.6835E-47 1.7942E-47
5.7911E+02 1.7049E-47 1.8147E-47
5.8448E+02 1.7268E-47 1.8356E-47
5.8989E+02 1.7491E-47 1.8569E-47
5.9535E+02 1.7718E-47 1.8787E-47
6.0087E+02 1.7950E-47 1.9009E-47
6.0643E+02 1.8185E-47 1.9236E-47
6.1205E+02 1.8426E-47 1.9467E-47
6.1772E+02 1.8670E-47 1.9703E-47
6.2344E+02 1.8920E-47 1.9944E-47
6.2921E+02 1.9174E-47 2.0190E-47
6.3504E+02 1.9433E-47 2.0440E-47
6.4092E+02 1.9697E-47 2.0696E-47
6.4686E+02 1.9965E-47 2.0957E-47
6.5285E+02 2.0239E-47 2.1224E-47
6.5890E+02 2.0518E-47 2.1496E-47
6.6500E+02 2.0802E-47 2.1774E-47
6.7116E+02 2.1092E-47 2.2058E-47
6.7738E+02 2.1387E-47 2.2348E-47
6.8365E+02 2.1687E-47 2.2646E-47
6.8998E+02 2.1993E-47 2.2953E-47
6.9637E+02 2.2305E-47 2.3270E-47
7.0282E+02 2.2623E-47 2.3603E-47
7.0933E+02 2.2946E-47 2.3965E-47
7.1590E+02 2.3276E-47 2.4398E-47
7.2253E+02 2.3612E-47 2.5130E-47
7.2923E+02 2.3954E-47 3.0777E-47
7.3598E+02 2.4303E-47 2.9990E-47
7.4280E+02 2.4658E-47 2.6070E-47
7.4968E+02 2.5020E-47 2.6067E-47
7.5662E+02 2.5388E-47 2.6330E-47
7.6363E+02 2.5764E-47 2.6657E-47
7.7070E+02 2.6146E-47 2.7012E-47
7.7784E+02 2.6536E-47 2.7383E-47
7.8505E+02 2.6932E-47 2.7765E-47
7.9232E+02 2.7337E-47 2.8158E-47
7.9966E+02 2.7749E-47 2.8559E-47
8.0706E+02 2.8168E-47 2.8969E-47
8.1454E+02 2.8596E-47 2.9388E-47
8.2208E+02 2.9031E-47 2.9815E-47
8.2970E+02 2.9475E-47 3.0251E-47
8.3738E+02 2.9926E-47 3.0695E-47
8.4514E+02 3.0387E-47 3.1147E-47
8.5296E+02 3.0855E-47 3.1609E-47
8.6086E+02 3.1333E-47 3.2079E-47
8.6884E+02 3.1820E-47 3.2559E-47
8.7689E+02 3.2315E-47 3.3048E-47
8.8501E+02 3.2820E-47 3.3546E-47
8.9320E+02 3.3334E-47 3.4053E-47
9.0148E+02 3.3858E-47 3.4570E-47
9.0983E+02 3.4392E-47 3.5098E-47
9.1825E+02 3.4935E-47 3.5635E-47
9.2676E+02 3.5489E-47 3.6182E-47
9.3534E+02 3.6053E-47 3.6740E-47
9.4401E+02 3.6627E-47 3.7308E-47
9.5275E+02 3.7213E-47 3.7887E-47
9.6157E+02 3.7809E-47 3.8477E-47
9.7048E+02 3.8416E-47 3.9079E-47
9.7947E+02 3.9035E-47 3.9691E-47
9.8854E+02 3.9665E-47 4.0316E-47
9.9770E+02 4.0307E-47 4.0952E-47
1.0069E+03 4.0961E-47 4.1600E-47
1.0163E+03 4.1627E-47 4.2261E-47
1.0257E+03 4.2305E-47 4.2936E-47
1.0352E+03 4.2996E-47 4.3630E-47
1.0448E+03 4.3700E-47 4.6947E-47
1.0544E+03 4.4417E-47 4.5038E-47
1.0642E+03 4.5147E-47 4.5757E-47
1.0741E+03 4.5891E-47 4.6495E-47
1.0840E+03 4.6649E-47 4.7249E-47
1.0941E+03 4.7421E-47 4.8018E-47
1.1042E+03 4.8208E-47 4.8803E-47
1.1144E+03 4.9009E-47 4.9606E-47
1.1247E+03 4.9824E-47 5.0436E-47
1.1352E+03 5.0656E-47 5.1332E-47
1.1457E+03 5.1502E-47 5.3046E-47
1.1563E+03 5.2364E-47 5.3836E-47
1.1670E+03 5.3243E-47 5.3894E-47
1.1778E+03 5.4137E-47 5.4718E-47
1.1887E+03 5.5049E-47 5.5607E-47
1.1997E+03 5.5977E-47 5.6523E-47
1.2108E+03 5.6923E-47 5.7460E-47
1.2220E+03 5.7886E-47 5.8416E-47
1.2334E+03 5.8867E-47 5.9391E-47
1.2448E+03 5.9867E-47 6.0385E-47
1.2563E+03 6.0885E-47 6.1398E-47
1.2680E+03 6.1921E-47 6.2430E-47
1.2797E+03 6.2978E-47 6.3481E-47
1.2915E+03 6.4054E-47 6.4552E-47
1.3035E+03 6.5149E-47 6.5643E-47
1.3156E+03 6.6266E-47 6.6754E-47
1.3278E+03 6.7403E-47 6.7887E-47
1.3401E+03 6.8561E-47 6.9041E-47
1.3525E+03 6.9741E-47 7.0216E-47
1.3650E+03 7.0942E-47 7.1413E-47
1.3777E+03 7.2166E-47 7.2633E-47
1.3904E+03 7.3413E-47 7.3875E-47
1.4033E+03 7.4683E-47 7.5141E-47
1.4163E+03 7.5977E-47 7.6430E-47
1.4294E+03 7.7294E-47 7.7744E-47
1.4426E+03 7.8637E-47 7.9082E-47
1.4560E+03 8.0004E-47 8.0445E-47
1.4695E+03 8.1396E-47 8.1833E-47
1.4831E+03 8.2815E-47 8.3247E-47
1.4968E+03 8.4260E-47 8.4688E-47
1.5107E+03 8.5731E-47 8.6156E-47
1.5247E+03 8.7230E-47 8.7651E-47
1.5388E+03 8.8757E-47 8.9174E-47
1.5531E+03 9.0312E-47 9.0726E-47
1.5675E+03 9.1897E-47 9.2307E-47
1.5820E+03 9.3510E-47 9.3917E-47
1.5966E+03 9.5154E-47 9.5558E-47
1.6114E+03 9.6828E-47 9.7230E-47
1.6263E+03 9.8533E-47 9.8935E-47
1.6414E+03 1.0027E-46 1.0068E-46
1.6566E+03 1.0204E-46 1.0253E-46
1.6719E+03 1.0384E-46 1.0515E-46
1.6874E+03 1.0568E-46 1.0609E-46
1.7031E+03 1.0755E-46 1.0793E-46
1.7188E+03 1.0945E-46 1.0983E-46
1.7348E+03 1.1139E-46 1.1176E-46
1.7508E+03 1.1337E-46 1.1373E-46
1.7670E+03 1.1538E-46 1.1574E-46
1.7834E+03 1.1743E-46 1.1779E-46
1.7999E+03 1.1952E-46 1.1987E-46
1.8166E+03 1.2165E-46 1.2200E-46
1.8334E+03 1.2381E-46 1.2416E-46
1.8504E+03 1.2602E-46 1.2636E-46
1.8675E+03 1.2827E-46 1.2861E-46
1.8848E+03 1.3056E-46 1.3089E-46
1.9023E+03 1.3289E-46 1.3322E-46
1.9199E+03 1.3526E-46 1.3559E-46
1.9377E+03 1.3768E-46 1.3801E-46
1.9557E+03 1.4015E-46 1.4047E-46
1.9738E+03 1.4266E-46 1.4298E-46
1.9920E+03 1.4521E-46 1.4553E-46
2.0105E+03 1.4782E-46 1.4820E-46
2.0291E+03 1.5047E-46 1.5078E-46
2.0479E+03 1.5317E-46 1.5348E-46
2.0669E+03 1.5592E-46 1.5623E-46
2.0860E+03 1.5873E-46 1.5903E-46
2.1053E+03 1.6158E-46 1.6188E-46
2.1248E+03 1.6449E-46 1.6479E-46
2.1445E+03 1.6745E-46 1.6775E-46
2.1644E+03 1.7047E-46 1.7076E-46
2.1844E+03 1.7354E-46 1.7383E-46
2.2047E+03 1.7667E-46 1.7696E-46
2.2251E+03 1.7986E-46 1.8015E-46
2.2457E+03 1.8311E-46 1.8339E-46
2.2665E+03 1.8641E-46 1.8671E-46
2.2875E+03 1.8978E-46 1.9078E-46
2.3087E+03 1.9321E-46 1.9351E-46
2.3301E+03 1.9671E-46 1.9699E-46
2.3516E+03 2.0027E-46 2.0054E-46
2.3734E+03 2.0390E-46 2.0416E-46
2.3954E+03 2.0759E-46 2.0785E-46
2.4176E+03 2.1135E-46 2.1161E-46
2.4400E+03 2.1518E-46 2.1544E-46
2.4626E+03 2.1908E-46 2.1934E-46
2.4854E+03 2.2306E-46 2.2331E-46
2.5084E+03 2.2711E-46 2.2736E-46
2.5316E+03 2.3123E-46 2.3148E-46
2.5551E+03 2.3543E-46 2.3568E-46
2.5788E+03 2.3971E-46 2.3995E-46
2.6026E+03 2.4407E-46 2.4431E-46
2.6268E+03 2.4850E-46 2.4874E-46
2.6511E+03 2.5302E-46 2.5326E-46
2.6756E+03 2.5763E-46 2.5786E-46
2.7004E+03 2.6232E-46 2.6255E-46
2.7254E+03 2.6709E-46 2.6732E-46
2.7507E+03 2.7196E-46 2.7219E-46
2.7762E+03 2.7691E-46 2.7714E-46
2.8019E+03 2.8196E-46 2.8218E-46
2.8278E+03 2.8710E-46 2.8732E-46
2.8540E+03 2.9234E-46 2.9255E-46
2.8804E+03 2.9767E-46 2.9788E-46
2.9071E+03 3.0310E-46 3.0331E-46
2.9340E+03 3.0863E-46 3.0884E-46
2.9612E+03 3.1426E-46 3.1448E-46
2.9887E+03 3.2000E-46 3.2022E-46
3.0163E+03 3.2585E-46 3.2616E-46
3.0443E+03 3.3180E-46 3.3201E-46
3.0725E+03 3.3786E-46 3.3806E-46
3.1009E+03 3.4404E-46 3.4424E-46
3.1296E+03 3.5032E-46 3.5052E-46
3.1586E+03 3.5673E-46 3.5693E-46
3.1879E+03 3.6325E-46 3.6345E-46
3.2174E+03 3.6990E-46 3.7009E-46
3.2472E+03 3.7667E-46 3.7686E-46
3.2773E+03 3.8356E-46 3.8375E-46
3.3076E+03 3.9058E-46 3.9076E-46
3.3383E+03 3.9773E-46 3.9791E-46
3.3692E+03 4.0501E-46 4.0519E-46
3.4004E+03 4.1242E-46 4.1261E-46
3.4319E+03 4.1998E-46 4.2016E-46
3.4637E+03 4.2767E-46 4.2785E-46
3.4958E+03 4.3551E-46 4.3568E-46
3.5282E+03 4.4349E-46 4.4366E-46
3.5608E+03 4.5161E-46 4.5178E-46
3.5938E+03 4.5989E-46 4.6006E-46
3.6271E+03 4.6832E-46 4.6849E-46
3.6607E+03 4.7690E-46 4.7707E-46
3.6946E+03 4.8565E-46 4.8581E-46
3.7288E+03 4.9455E-46 4.9472E-46
3.7634E+03 5.0362E-46 5.0378E-46
3.7982E+03 5.1286E-46 5.1302E-46
3.8334E+03 5.2226E-46 5.2470E-46
3.8689E+03 5.3184E-46 5.3200E-46
3.9047E+03 5.4160E-46 5.4176E-46
3.9409E+03 5.5154E-46 5.5169E-46
3.9774E+03 5.6166E-46 5.6181E-46
4.0142E+03 5.7196E-46 5.7211E-46
4.0514E+03 5.8246E-46 5.8261E-46
4.0889E+03 5.9315E-46 5.9330E-46
4.1268E+03 6.0403E-46 6.0418E-46
4.1650E+03 6.1512E-46 6.1527E-46
4.2036E+03 6.2641E-46 6.2655E-46
4.2426E+03 6.3791E-46 6.3805E-46
4.2819E+03 6.4962E-46 6.4976E-46
4.3215E+03 6.6154E-46 6.6168E-46
4.3615E+03 6.7369E-46 6.7382E-46
4.4019E+03 6.8605E-46 6.8619E-46
4.4427E+03 6.9865E-46 6.9878E-46
4.4839E+03 7.1147E-46 7.1161E-46
4.5254E+03 7.2453E-46 7.2467E-46
4.5673E+03 7.3783E-46 7.3797E-46
4.6096E+03 7.5138E-46 7.5151E-46
4.6523E+03 7.6517E-46 7.6530E-46
4.6954E+03 7.7922E-46 7.7935E-46
4.7389E+03 7.9352E-46 7.9365E-46
4.7828E+03 8.0809E-46 8.0822E-46
4.8271E+03 8.2292E-46 8.2304E-46
4.8718E+03 8.3803E-46 8.3815E-46
4.9169E+03 8.5341E-46 8.5353E-46
4.9624E+03 8.6907E-46 8.6919E-46
5.0084E+03 8.8502E-46 8.8514E-46
5.0548E+03 9.0126E-46 9.0138E-46
5.1016E+03 9.1780E-46 9.1791E-46
5.1489E+03 9.3464E-46 9.3475E-46
5.1966E+03 9.5178E-46 9.5190E-46
5.2447E+03 9.6925E-46 9.6936E-46
5.2933E+03 9.8702E-46 9.8714E-46
5.3423E+03 1.0051E-45 1.0052E-45
5.3918E+03 1.0236E-45 1.0237E-45
5.4417E+03 1.0423E-45 1.0424E-45
5.4921E+03 1.0614E-45 1.0616E-45
5.5430E+03 1.0809E-45 1.0810E-45
5.5943E+03 1.1007E-45 1.1008E-45
5.6461E+03 1.1209E-45 1.1210E-45
5.6984E+03 1.1414E-45 1.1415E-45
5.7512E+03 1.1624E-45 1.1625E-45
5.8045E+03 1.1836E-45 1.1838E-45
5.8582E+03 1.2053E-45 1.2054E-45
5.9125E+03 1.2274E-45 1.2275E-45
5.9673E+03 1.2499E-45 1.2500E-45
6.0225E+03 1.2728E-45 1.2729E-45
6.0783E+03 1.2961E-45 1.2962E-45
6.1346E+03 1.3198E-45 1.3199E-45
6.1914E+03 1.3439E-45 1.3440E-45
6.2488E+03 1.3685E-45 1.3686E-45
6.3067E+03 1.3935E-45 1.3936E-45
6.3651E+03 1.4190E-45 1.4191E-45
6.4240E+03 1.4450E-45 1.4451E-45
6.4835E+03 1.4714E-45 1.4715E-45
6.5436E+03 1.4983E-45 1.4984E-45
6.6042E+03 1.5256E-45 1.5257E-45
6.6654E+03 1.5535E-45 1.5536E-45
6.7271E+03 1.5819E-45 1.5819E-45
6.7894E+03 1.6107E-45 1.6108E-45
6.8523E+03 1.6401E-45 1.6402E-45
6.9158E+03 1.6700E-45 1.6703E-45
6.9798E+03 1.7005E-45 1.7006E-45
7.0445E+03 1.7315E-45 1.7316E-45
7.1097E+03 1.7630E-45 1.7631E-45
7.1756E+03 1.7952E-45 1.7952E-45
7.2420E+03 1.8279E-45 1.8279E-45
7.3091E+03 1.8611E-45 1.8612E-45
7.3768E+03 1.8950E-45 1.8951E-45
7.4451E+03 1.9295E-45 1.9295E-45
7.5141E+03 1.9645E-45 1.9646E-45
7.5837E+03 2.0002E-45 2.0003E-45
7.6539E+03 2.0366E-45 2.0367E-45
7.7248E+03 2.0736E-45 2.0736E-45
7.7964E+03 2.1112E-45 2.1113E-45
7.8686E+03 2.1495E-45 2.1496E-45
7.9415E+03 2.1885E-45 2.1885E-45
8.0150E+03 2.2281E-45 2.2282E-45
8.0892E+03 2.2685E-45 2.2686E-45
8.1642E+03 2.3096E-45 2.3096E-45
8.2398E+03 2.3513E-45 2.3514E-45
8.3161E+03 2.3939E-45 2.3939E-45
8.3931E+03 2.4371E-45 2.4372E-45
8.4709E+03 2.4812E-45 2.4812E-45
8.5493E+03 2.5259E-45 2.5260E-45
8.6285E+03 2.5715E-45 2.5716E-45
8.7084E+03 2.6179E-45 2.6179E-45
8.7891E+03 2.6650E-45 2.6651E-45
8.8705E+03 2.7130E-45 2.7131E-45
8.9527E+03 2.7618E-45 2.7619E-45
9.0356E+03 2.8115E-45 2.8115E-45
9.1193E+03 2.8620E-45 2.8621E-45
9.2037E+03 2.9134E-45 2.9134E-45
9.2890E+03 2.9656E-45 2.9657E-45
9.3750E+03 3.0188E-45 3.0188E-45
9.4618E+03 3.0728E-45 3.0729E-45
9.5495E+03 3.1278E-45 3.1279E-45
9.6379E+03 3.1837E-45 3.1838E-45
9.7272E+03 3.2406E-45 3.2406E-45
9.8173E+03 3.2984E-45 3.2985E-45
9.9082E+03 3.3572E-45 3.3573E-45
1.0000E+04 3.4170E-45 3.4170E-45
